Version 0.9.7
7
 4 10 175 77 128 0 1
 5 80 400 206 81 2 2
 0 286 163 877 276 8 3
 1 358 566 206 81 140 4
 1 395 35 206 81 150 5
 3 679 476 203 58 160 6
 6 779 5 449 130 169 7
 0
43
 255 5 71 189 71 189 71 177 71 177 339 177 339 177 0 1 0 3
 255 5 71 202 190 202 190 408 339 408 339 411 339 411 0 1 0 3
 255 5 430 229 430 229 430 229 430 177 430 177 430 177 0 3 0 3
 0 5 71 288 71 288 71 434 339 434 339 424 339 424 0 1 0 3
 0 5 71 275 71 275 148 275 148 190 339 190 339 190 0 1 0 3
 0 5 573 372 573 372 573 372 573 424 573 424 573 424 0 3 0 3
 0 5 391 190 391 190 391 104 391 104 410 104 410 104 0 3 0 5
 0 5 373 635 373 635 352 635 352 635 352 424 352 424 0 4 0 3
 255 5 373 577 373 577 365 577 365 577 365 411 365 411 0 4 0 3
 255 5 352 177 352 177 352 46 352 46 410 46 410 46 0 3 0 5
 65280 5 456 372 456 372 456 459 490 459 490 577 490 577 0 3 0 4
 65280 5 509 577 509 577 509 451 469 451 469 372 469 372 0 4 0 3
 65280 5 528 577 528 577 528 442 482 442 482 372 482 372 0 4 0 3
 65280 5 495 372 495 434 542 434 542 577 547 577 547 577 0 3 0 4
 16776960 5 443 333 443 333 443 525 471 525 471 577 471 577 0 3 0 4
 16776960 5 452 577 452 544 387 544 387 284 443 284 443 268 0 4 0 3
 16776960 5 433 577 430 577 430 261 469 261 469 268 469 268 0 4 0 3
 16776960 5 414 577 414 577 414 255 495 255 495 268 495 268 0 4 0 3
 8388863 5 430 333 430 364 248 364 248 58 584 58 584 46 0 3 0 5
 8388863 5 456 229 456 229 434 229 434 26 565 26 565 46 0 3 0 5
 8388863 5 482 229 482 229 482 137 538 137 538 46 546 46 0 3 0 5
 8388863 5 508 229 508 229 508 124 516 124 516 46 527 46 0 3 0 5
 255 5 795 32 795 32 742 32 742 32 742 177 742 177 0 7 0 3
 255 5 885 229 885 229 885 229 885 177 885 177 885 177 0 3 0 3
 0 5 976 372 976 372 976 372 976 424 976 424 976 424 0 3 0 3
 65535 5 924 229 924 229 924 157 1128 157 1128 128 1128 128 0 3 0 7
 65535 5 937 229 937 229 937 207 1141 207 1141 128 1141 128 0 3 0 7
 65535 5 950 229 950 229 950 197 1154 197 1154 128 1154 128 0 3 0 7
 65535 5 963 229 963 229 963 218 1167 218 1167 128 1167 128 0 3 0 7
 65535 5 976 229 976 229 976 236 1180 236 1180 128 1180 128 0 3 0 7
 65535 5 898 229 898 229 898 145 1193 145 1193 128 1193 128 0 3 0 7
 65535 5 911 229 911 229 911 176 1206 176 1206 128 1206 128 0 3 0 7
 32768 5 534 333 534 333 534 324 963 324 963 333 963 333 0 3 0 3
 32768 5 547 333 547 333 547 308 885 308 885 333 885 333 0 3 0 3
 32768 5 560 333 560 333 560 295 898 295 898 333 898 333 0 3 0 3
 32768 5 573 268 573 268 950 268 950 268 950 333 950 333 0 3 0 3
 16744576 5 865 520 865 520 865 503 963 503 963 372 963 372 0 6 0 3
 16744576 5 885 372 885 372 885 476 845 476 845 520 845 520 0 3 0 6
 16744576 5 898 372 898 372 898 463 825 463 825 520 825 520 0 3 0 6
 16744576 5 950 372 950 372 950 561 805 561 805 520 805 520 0 3 0 6
 0 5 651 424 651 424 651 513 651 513 690 513 690 513 0 3 0 6
 16744448 5 508 333 508 307 224 307 224 36 451 36 451 46 0 3 0 5
 16744448 5 521 333 521 297 365 297 365 13 470 13 470 46 0 3 0 5
2
 7181 1 24 424 281 5 0 0 9556 3
 7047 1 16 879 281 5 0 0 9556 3
